cpu  6063119081 219018581 465973956 27385679300 3950176 0 24287405 0 0 0
cpu0 226151592 13612446 27848696 1139949356 357705 0 15314409 0 0 0
cpu1 466030423 14040996 15411941 925570466 138069 0 3102831 0 0 0
cpu2 269097438 13599892 30582175 1104134952 362023 0 3671226 0 0 0
cpu3 272509410 13728397 15419904 1120962348 161099 0 598978 0 0 0
cpu4 172768764 9967 27418197 1219052928 237426 0 786102 0 0 0
cpu5 256147740 13626752 15043464 1138377043 163820 0 54938 0 0 0
cpu6 285490863 13493 29373080 1104345810 62817 0 282508 0 0 0
cpu7 213711255 13728954 13923456 1182064607 153410 0 7686 0 0 0
cpu8 256352816 12694 30563181 1131786624 283756 0 172862 0 0 0
cpu9 248937122 13707285 14531244 1146089649 150825 0 2478 0 0 0
cpu10 302338809 13832 30109581 1086689719 274156 0 80118 0 0 0
cpu11 236883783 13740618 14128174 1158520182 149638 0 1837 0 0 0
cpu12 292712954 13602017 14226148 1103983322 218359 0 9000 0 0 0
cpu13 158473099 13659879 12136029 1240594205 102238 0 583 0 0 0
cpu14 138707841 13590416 26467893 1245131668 193132 0 54345 0 0 0
cpu15 238163707 13703864 18141717 1154780524 109702 0 619 0 0 0
cpu16 333628470 6189 17800522 1072774519 38515 0 65799 0 0 0
cpu17 267190859 13648567 15663838 1128282946 118418 0 743 0 0 0
cpu18 163624205 12462 20473633 1240269233 140741 0 31739 0 0 0
cpu19 372074586 13645857 13354524 1026136093 100738 0 490 0 0 0
cpu20 152115167 7475 19353671 1252736787 95547 0 46297 0 0 0
cpu21 293910542 13621861 13035335 1104561568 110548 0 473 0 0 0
cpu22 135835666 7821 18825650 1269765216 113074 0 917 0 0 0
cpu23 310261959 13676836 12141894 1089119524 114408 0 415 0 0 0
intr 57466235251 142 0 0 0 0 0 0 0 1 0 286 0 0 0 0 0 0 0 91 0 0 0 0 0 0 0 0 0 0 0 0 0 0 0 0 0 0 0 0 0 1 323458225
ctxt 399216112277
btime 1720194269
processes 261078213
procs_running 4
procs_blocked 0
softirq 131758629237 253 2331470451 12365598 1884352173 95239875 0 18807780 1290458714 0 1571882809
